max_u_m=1.61807182e-03
max_sigma_vm_pa=6.13531312e+07
