max_u_m=1.40824036e-02
max_sigma_vm_pa=5.84934360e+07
