max_u_m=9.95869277e-03
max_sigma_vm_pa=4.20600126e+07
