max_u_m=1.53604262e-03
max_abs_sigma_x_pa=5.69790700e+07
max_abs_sigma_y_pa=7.92963225e+06
max_sigma_vm_pa=5.44499708e+07
