max_nodal_deflection_ft=4.12360082e-05
min_element_stress_pa=-1.03684836e-11
max_element_stress_pa=2.18541264e+03
max_abs_element_stress_pa=2.18541264e+03
